4.22558
0.03087430
0.1426681
0.3072921
0.1452799
1.456535
0.3955904
0.5035666
0.3991313
4.046962
1.239963
0.7405651
0.276951
0.2301664
0.05741038
0.1569460
0.7949272
0.7922619
0.1293854
0.9724579
2.589603
0.7003338
1.330869
0.2526319
0.2455455
1.027582
1.042517
0.3966342
0.5564569
3.090186
0.07335769
0.01404703
0.525097
0.06332903
2.004363
0.9001225
0.1759440
0.5909453
0.8367498
1.819806
0.2216346
2.890505
3.573964
0.9661198
0.692922
0.1501798
0.1373353
1.711237
0.8826077
0.4413395
3.351681
0.3346060
0.5555553
1.320160
1.424232
1.223648
0.6193137
1.325886
0.775286
3.120929
1.53131
0.1047886
5.850266
4.185694
0.6214985
8.278313
0.2228837
0.7480545
1.083762
4.129794
0.2560554
0.7909423
3.482016
2.972488
2.439571
2.168241
5.28456
0.2589508
2.427132
0.09083382
0.6967502
0.4506078
0.1974019
1.913565
0.94159
0.8639186
3.682746
3.540115
2.049992
1.153299
5.53505
0.2041290
1.744793
0.2058057
0.6548828
5.937811
0.1593203
5.803333
4.241471
0.7648075
